4.00038e+02 59.5409   0  0.0001
7.87943e+03 1173.240  0  0.003
8.94936e+03 1332.508  0  0.004
3.43127e+03 511       0  0
8.56062e+03 1274.537  0 0.007
817.4825    121.7817  0 0.0003
1643.1161   244.6974  0 0.0008
2311.7439   344.2785  0 0.0012 
2469.6475   367.7891  0 0.002
2760.8931   411.1165  0 0.0012
2981.1121   443.965   0 0.003
3281.9312   488.6792  0 0.002 
3938.9651   586.265   0 0.003
4626.6235   688.670   0 0.005 
5231.0166   778.9045  0 0.0024
5825.3569   867.380   0 0.003
6474.7461   964.079   0 0.018
6751.2090   1005.272  0 0.017
7293.7305   1085.837  0 0.01
7468.7891   1112.076  0 0.003
8146.8384   1212.948  0 0.011
8725.0205   1299.142  0 0.008
9456.6807   1408.013  0 0.003
9796.1025   1457.643  0 0.011
10264.8076  1528.103  0 0.018

