#59.5409	0.315893932010824 0 0
1173.228	0.0426605431413978 0 0
1332.492	0.0385405421779691 0 0
511	0.0748301968215637 0 0
1274.537	0.0342521472479447 0 0
121.7817	0.275402542885823 0 0
244.6974	0.172442762535478 0 0
344.279	0.129520307391688 0 0
#411.1165	0.10196052471894 0 0
443.965	0.114039808515999 0 0
586.265	0.0849004023607198 0 0
688.670	0.073764540827561 0 0
778.905	0.0629609776461486 0 0
867.38	0.0542080929228388 0 0
964.079	0.0501817916438606 0 0
#1005.27	0.0658407924573338 0 0
1085.84	0.0508894773587107 0 0
1112.076	0.0468299868349582 0 0
1212.95	0.0434041789973993 0 0
1299.142	0.0407468968399771 0 0
1408.013	0.0379118504138488 0 0
1457.64	0.0344744055587429 0 0
1528.10	0.0410125088654152 0 0


121.7817	1.01390930333209
244.6974	0.634857323374437
344.279	0.476835991631739
411.1165	0.375373166499823
443.965	0.41984370076248
586.265	0.312565406652252
688.670	0.271568132296044
778.905	0.231794232229654
867.38	0.199570015419731
964.079	0.18474697028007
1005.27	0.242396425652918
1085.84	0.187352353377128
1112.076	0.172407120244232
1212.95	0.159794824070304
1299.142	0.150011896604359
1408.013	0.139574520403292
1457.64	0.126919381922135
1528.10	0.150989761590087