121.7817	0.348407026042995 0 0
244.6974	0.218154376601135 0 0
344.279	0.163853915935775 0 0
411.1165	0.128988508308134 0 0
443.965	0.144269802737602 0 0
586.265	0.107406040577539 0 0
688.670	0.093318253447690 0 0 
778.905	0.0796508512542976 0 0
867.38	0.0685777271509745 0 0
964.079	0.0634841225681604 0 0
1005.27	0.0832940555014553 0 0
1085.84	0.0643794036091428 0 0
1112.076	0.0592438118829013 0 0
1212.95	0.054909881237339 0 0
1299.142	0.0515481992277127 0 0
1408.013	0.0479616306954436 0 0
1457.64	0.0436129782588873 0 0
1528.10	0.0518842204383174 0 0

