Mean 			    StdDev 	            Resolution[%]	Integral 
70.4753	0.0883891	3.35141	0.11672	    11.1982	        22942	  151.466
182.471	0.420693	6.45159	0.66693	    8.3259	        13237.8	  115.056
241.364	0.586257	10.6869	1.09532	    10.4265	        14857.7	  121.892
294.89	0.24952	    11.1448	0.382819	8.89959	        21376.8	  146.208
353.33	0.166635	12.677	0.235482	8.44875	        29927	  172.994
612.719	0.201502	17.0759	0.227944	6.56265	        21116.6	  145.315
780.764	1.77393	    20.34	2.84276	    6.13463	        5007.49	  70.7636
1118.2	0.935069	24.7328	1.28601	    5.20847	        6321.47	  79.5077
1381.25	1.82791	    28.9898	2.09309	    4.94232	        4259.2	  65.2625
1743.24	1.01496	    31.1688	1.27042	    4.21036	        4502.77	  67.1027


