Mean 			    StdDev 	            Resolution[%]	Integral
76.2591	0.199991	1.91691	0.150595	5.91926	        566.634	23.8041
241.835	0.197094	1.2172	0.181766	1.18522	        248.708	15.7705
295.09	0.0799859	1.25867	0.069179	1.00442	        342.73	18.513
351.648	0.0589003	1.17218	0.0430637	0.784955	    534.812	23.126
609.182	0.0686296	1.22755	0.0545426	0.474514	    351.594	18.7508
1119.75	0.184857	1.36732	0.133661	0.287545	    110.618	10.5175
1376.31	0.378698	1.32851	0.406329	0.227302	    37.2415	6.10258
1764.57	0.189473	1.26673	0.159901	0.169046	    71.6835	8.46661






