Mean 			    StdDev 	            Resolution[%]	Integral 
70.3627	0.123924	3.31927	0.168133	11.1086	        9691.11	98.4434
239.73	0.551166	8.76071	0.874994	8.60547	        6448.08	80.2999
294.992	0.341673	11.7451	0.567771	9.37571	        9861.16	99.3034
353.256	0.222208	12.1276	0.306749	8.08429	        14048.8	118.528
613.419	0.302415	16.8709	0.356086	6.47649	        9486.85	97.4005
778.918	2.0056	    18.4623	1.93696	    5.58151	        3247.75	56.989
1118.4	1.39756	    23.2877	1.85887	    4.90331	        3085.89	55.5508
1383.09	2.15489	    18.4674	2.14352	    3.14421	        2161.2	46.4887
1742.71	1.40492	    30.4069	1.61386	    4.10871	        2281.28	47.7628



