
TAGGER -- Cobalto

   1  p0           2.26968e+03   2.07584e+01   3.59883e-02   1.40040e-05
   2  p1           1.96613e+04   4.16013e+00   9.37525e-03   5.67905e-05
   3  p2          -4.79802e+02   5.36386e+00   5.85346e-03  -6.17180e-06
   4  p3          -5.27284e+02   2.34005e+02   8.92505e-03   5.21184e-05
   5  p4           3.25233e-02   1.29668e-02   4.81072e-07   9.73856e-01
-----------
   1  p0           2.50803e+03   1.65386e+01   3.98008e-02  -6.64458e-07
   2  p1           2.21480e+04   3.77039e+00   1.05610e-02   2.59564e-06
   3  p2           5.51016e+02   4.50331e+00   6.35156e-03   7.22381e-06
   4  p3           6.82114e+02   2.00524e+02   9.40696e-03   2.42275e-06
   5  p4          -2.67816e-02   8.36292e-03   4.01973e-07   5.83126e-02

SCATTERER -- Cobalto

   1  p0           1.49996e+03   1.36851e+01   2.90442e-02  -6.85106e-05
   2  p1           2.21039e+04   4.56720e+00   1.05399e-02  -1.77097e-04
   3  p2           4.82053e+02   6.70844e+00   7.38388e-03  -1.82218e-04
   4  p3          -1.10790e+03   1.51800e+02   1.27681e-02  -9.28349e-05
   5  p4           5.46835e-02   6.96033e-03   5.80487e-07  -2.27656e+00
-----------
   1  p0           2.22763e+03   2.75642e+01   3.40121e-02   5.63678e-06
   2  p1           2.48324e+04   5.92247e+00   1.18410e-02   1.07227e-06
   3  p2           6.03075e+02   7.74237e+00   7.09031e-03   1.93798e-05
   4  p3          -6.45664e+02   3.92185e+02   8.48648e-03  -1.40997e-05
   5  p4           2.55800e-02   1.46291e-02   3.23283e-07  -4.00263e-01


DETECTOR -- Cobalto

   1  p0           2.96882e+03   2.64867e+01   3.27387e-02   1.80102e-05
   2  p1           2.03981e+04   4.02759e+00   9.72657e-03  -1.12126e-04
   3  p2           4.77891e+02   5.04805e+00   4.20178e-03  -5.33447e-04
   4  p3           1.05499e+03   3.75559e+02   1.16765e-02  -2.03336e-04
   5  p4          -4.19669e-02   1.71339e-02   5.52559e-07  -4.35944e+00
------------
   1  p0           2.51340e+03   2.08916e+01   3.02649e-02   8.53989e-06
   2  p1           2.31583e+04   3.98247e+00   1.10427e-02  -4.81185e-05
   3  p2           5.07446e+02   6.07707e+00   4.91546e-03   4.40582e-06
   4  p3          -4.88797e+02   2.37622e+02   1.38536e-02   3.05799e-06
   5  p4           2.53299e-02   1.07193e-02   6.03257e-07   7.12051e-02




DETECTOR -- Sodio

   1  p0           7.31479e+03   2.72692e+01   7.64966e-02   5.68667e-06
   2  p1           8.59020e+03   1.09899e+00   4.09613e-03   4.83152e-05
   3  p2           2.76355e+02   1.23808e+00   2.03993e-03   3.73398e-04
   4  p3           1.48743e+03   1.12748e+02   2.20841e-02   2.75974e-05
   5  p4          -1.32327e-01   1.26830e-02   2.53266e-06   2.35737e-01
-------------
   1  p0           1.43018e+03   9.78758e+00   2.47007e-02   2.18904e-06
   2  p1           2.11542e+04   3.56847e+00   1.00871e-02  -1.88033e-05
   3  p2           4.57686e+02   4.55627e+00   5.55568e-03  -3.27290e-05
   4  p3          -7.51331e+01   8.44578e+01   8.49698e-03  -2.29661e-05
   5  p4           4.96682e-03   3.96735e-03   4.01245e-07  -4.73530e-01

a                         =      -11.041   +/-   1.81724     
b                         =    0.0607717   +/-   0.000112561 

SCATTERER -- Sodio 

   1  p0           1.26018e+03   1.17662e+01   2.73748e-02  -1.21418e-06
   2  p1           9.30445e+03   3.10426e+00   7.37691e-03   8.07542e-07
   3  p2           3.00759e+02   3.71515e+00   5.04628e-03  -5.32522e-06
   4  p3           6.44981e+02   5.89554e+01   9.56801e-03  -1.12465e-05
   5  p4          -5.37215e-02   6.43372e-03   1.02821e-06  -1.06155e-01
-------------
   1  p0           5.02637e+02   6.61989e+00   1.42099e-02  -2.24778e-06
   2  p1           2.29508e+04   7.23469e+00   1.53279e-02  -5.65248e-05
   3  p2           5.02168e+02   1.03350e+01   1.03800e-02  -1.69165e-05
   4  p3           2.09979e+02   7.15206e+01   5.64574e-03  -6.08223e-06
   5  p4          -8.91948e-03   3.04743e-03   2.44318e-07  -2.51521e-01

TAGGER -- Sodio

   1  p0           7.31986e+03   2.73362e+01   6.21294e-02  -5.76683e-06
   2  p1           8.13486e+03   1.14681e+00   3.87901e-03   2.83105e-04
   3  p2           2.84527e+02   1.31889e+00   1.74545e-03   1.12258e-04
   4  p3           1.96446e+03   1.07104e+02   1.91350e-02  -5.96403e-07
   5  p4          -1.87068e-01   1.33339e-02   2.35136e-06   2.15353e-02
-------------
   1  p0           1.73299e+03   9.78641e+00   3.31684e-02   2.46826e-07
   2  p1           2.00570e+04   2.87544e+00   9.88922e-03   5.27361e-05
   3  p2           4.86940e+02   3.13624e+00   6.30502e-03   2.62026e-05
   4  p3           4.03915e+02   4.88476e+01   8.50659e-03   5.90022e-05
   5  p4          -1.75845e-02   2.33719e-03   4.15895e-07   1.22632e+00

