Mean 			    StdDev 	            Resolution[%]	    Integral
60.1274	0.0557917	1.67889	0.136886	6.57518	    3068.39	55.3931
239.461	0.0288245	1.2824	0.0275081	1.26109	    7130.61	84.443
300.719	0.18625	    0.99309 0.185392	0.777652	3617.69	60.1472
338.791	0.0574083	1.20442	0.0471473	0.837149	4850.58	69.6461
409.725	0.185567	1.20726	0.165353	0.693851	1212.94	34.8273
462.898	0.10751	    1.2293	0.0913863	0.625359	1382.3	37.1793
510.68	0.0450006	1.38561	0.0433285	0.638927	2631.76	51.3006
582.799	0.0267156	1.23874	0.0240939	0.500518	3914.14	62.5631
726.469	0.0713008	1.32207	0.0662115	0.428543	1609.99	40.1247
793.983	0.0896447	1.13114	0.0715117	0.335477	1083.81	32.9213
859.335	0.087548	1.27383	0.0753608	0.349064	773.838	27.8179
909.772	0.0296135	1.27603	0.0232752	0.330282	2662.42	51.5987
966.81	0.0717318	1.77226	0.0628146	0.431663	1897.59	43.5614


