Mean 			    StdDev 	            Resolution[%]	Integral 
59.4756	0.13038	    2.9281	0.199175	11.5932	        65097.2	255.142
245.869	0.057059	8.88668	0.0793843	8.51125	        229557	479.121
346.873	0.173949	11.9973	0.248939	8.1446	        158660	398.321
472.313	0.762634	8.88339	1.00595	    4.42901	        79762.3	282.422
524.363	0.565276	14.8205	1.04307 	6.6556	        100200	316.544
595.94	0.195634	16.5496	0.350547	6.53945	        154305	392.816
739.792	0.670414	13.3552	1.0474	    4.25106	        62739.7	250.479
918.688	0.379733	17.3249	0.672094	4.44078     	118135	343.707


