
Mean 			    StdDev 	            Resolution[%]	Integral 
76.253	0.0748448	1.80321	0.0778082	5.5686  	    2705.9	52.0183
186.428	0.157216	1.54074	0.201758	1.94615	        917.062	30.283
242.061	0.0852035	1.247	0.0886133	1.21311	        904.273	30.0711
295.111	0.046138	1.22559	0.0389564	0.977955	    1292.18	35.947
351.825	0.0336048	1.19235	0.0261158	0.798059	    1907.57	43.6757
609.108	0.0368027	1.21031	0.0271209	0.467909	    1422.61	37.7175
768.186	0.184775	1.44106	0.156718	0.441748	    196.892	14.0318
1120.22	0.0930779	1.19972	0.0768423	0.252193	    341.601	18.4825
1377.46	0.15535	    1.09774	0.110993	0.187663	    136.097	11.6661
1764.5	0.119747	1.55484	0.0926926	0.207502	    193.413	13.9073

