Mean 			StdDev 	Resolution[%]	
75.8667	1.1336	3.47281	1.4967	10.7792	19266.3	138.803
143.329	59.3727	45.5696	60.7441	74.8683	32603.1	180.563
236.216	7.47031	11.2534	8.72147	11.2184	49786.2	223.128
-203.633	1569.11	241.632	508.75	-279.424	51756.1	227.5
260.689	12.3513	70.2883	8.51997	63.492	50744.9	225.266
536.309	25.1303	51.4109	15.5872	22.5735	42512.8	206.186
1175.32	0.339198	24.8874	0.292764	4.98633	96937.2	311.347
1804.21	6.61279	15.5007	4.71167	2.02313	500.324	22.3679
Mean 			StdDev 	Resolution[%]	
59.6357	0.311274	-3.07038	0.0946649	-12.124	83252.3	288.535
171.538	2.29034	6.67905	2.84391	9.1688	3931.13	62.6988
285.764	26.1299	146.133	35.1143	120.42	3589.78	59.9148
224.266	66.4844	247.817	118.588	260.211	2344.54	48.4204
351.166	3.53784	8.27033	3.13683	5.54585	1979.82	44.4951
598.65	4.91371	23.8509	7.87636	9.38185	1035.56	32.1801
1118.32	5.55306	11.7955	3.30758	2.48375	308.584	17.5666
1766.12	1.99902	4.41703	1.29212	0.588935	72.7633	8.53014
Mean 			StdDev 	Resolution[%]	
59.8925	0.311539	3.06925	0.0947469	12.0675	91187.4	301.973
163.967	2.83058	16.1979	2.54599	23.2627	3940.69	62.7749
285.276	44.5427	145.391	55.8516	120.014	3594.54	59.9545
228.527	70.4544	254.399	135.961	262.141	2348.76	48.464
351.315	3.54823	8.26735	3.1446	5.5415	1983.36	44.535
598.706	4.9118	23.8419	7.87329	9.37748	1035.77	32.1834
1118.19	5.61833	11.791	3.44479	2.48311	308.537	17.5652
1765.75	1.98656	4.42644	1.28666	0.590315	73.4373	8.56956
Mean 			StdDev 	Resolution[%]	
-183.991	56.6457	154.693	34.234	-197.985	-712.655	nan
162.302	3.31808	1.87891	1.234	2.72608	2843.4	53.3235
301.588	37.6229	163.428	44.554	127.605	2218	47.0957
275.695	1.3719	5.47512	1.29876	4.67652	1485.81	38.5462
358.105	2.65174	10.6948	2.5797	7.03268	1052.75	32.446
731.081	124.192	384.749	181.935	123.928	503.36	22.4357
1129.18	6.7373	10.4871	4.95564	2.18702	267.647	16.3599
1774.89	3.2148	4.89085	2.19335	0.648888	122.937	11.0877
Mean 			StdDev 	Resolution[%]	
71.4498	1.41421	566.738	1.41421	1867.84	1082.48	32.901
196.2	15.1628	16.5258	19.4924	19.8346	217.902	14.7615
306.529	102.328	165.925	121.617	127.467	167.056	12.925
298.968	2.8742	2.76612	2.64427	2.17874	136.549	11.6854
304.967	8.50229	48.3059	7.20498	37.2997	173.919	13.1879
629.821	2.81756	1.12607	2.6257	0.421024	214.829	14.657
1093.29	22.5907	18.5927	49.8464	4.00466	241.539	15.5415
1764	1.41421	20	1.41421	2.66986	-2.28273e+07	nan
Mean 			StdDev 	Resolution[%]	
71.4498	1.41421	566.738	1.41421	1867.84	1082.48	32.901
196.2	15.1628	16.5258	19.4924	19.8346	217.902	14.7615
306.529	102.328	165.925	121.617	127.467	167.056	12.925
298.968	2.8742	2.76612	2.64427	2.17874	136.549	11.6854
304.967	8.50229	48.3059	7.20498	37.2997	173.919	13.1879
629.821	2.81756	1.12607	2.6257	0.421024	214.829	14.657
1093.29	22.5907	18.5927	49.8464	4.00466	241.539	15.5415
1764	1.41421	20	1.41421	2.66986	-2.28273e+07	nan
Mean 			StdDev 	Resolution[%]	
71.4498	1.41421	566.738	1.41421	1867.84	1082.48	32.901
196.2	15.1628	16.5258	19.4924	19.8346	217.902	14.7615
306.529	102.328	165.925	121.617	127.467	167.056	12.925
298.968	2.8742	2.76612	2.64427	2.17874	136.549	11.6854
304.967	8.50229	48.3059	7.20498	37.2997	173.919	13.1879
629.821	2.81756	1.12607	2.6257	0.421024	214.829	14.657
1093.29	22.5907	18.5927	49.8464	4.00466	241.539	15.5415
1764	1.41421	20	1.41421	2.66986	-2.28273e+07	nan
