Mean 			    StdDev 	    Resolution[%]	         Integral 
76.3515	0.0610723	1.62539	    0.0555855	5.01301	    4130.38	64.268
186.012	0.0759132	1.04266	    0.0613125	1.31996	    2020.22	44.9468
241.903	0.073156	1.09954	    0.0596036	1.07035	    1180.29	34.3553
295.129	0.0377068	1.11838	    0.0355922	0.892347	1681.69	41.0084
351.699	0.02948	    1.14418	    0.0219281	0.766088	2322.13	48.1885
609.079	0.0324599	1.15878	    0.0210733	0.448007	1554.62	39.4287
768.431	0.13082	    1.21364	    0.100089	0.371913	213.104	14.5981
933.792	0.253581	1.90693	    0.197397	0.480886	167.345	12.9362
1120.1	0.088912	1.25155	    0.0617597	0.263117	373.409	19.3238
1238.15	0.125572	0.874688	0.127224	0.166355	180.102	13.4202
1377.7	0.1552	    0.831017	0.115285	0.142041	103.355	10.1664
1508.13	0.262064	0.790805	0.238187	0.123478	119.87	10.9485
1764.42	0.0940442	1.20365	    0.0733085	0.160642	237.264	15.4034

