TAGGER 

Chi2                      =      7.01397
NDf                       =            1
Edm                       =  9.70708e-19
NCalls                    =           39
a                         =     -6.59056   +/-   2.43534     
b                         =     0.063135   +/-   0.000192518 
 

UNCALIBRATED

   1  p0           6.79568e+03   2.80960e+01   6.61841e-02   1.75524e-06
   2  p1           8.23205e+03   1.38106e+00   3.92535e-03   2.27645e-04
   3  p2           2.94283e+02   1.78035e+00   2.14400e-03   7.21929e-05
   4  p3           1.78815e+03   1.59295e+02   2.42765e-02   1.59235e-05
   5  p4          -1.62167e-01   1.86872e-02   2.91562e-06   1.45134e-01


   1  p0           1.59734e+03   9.69841e+00   2.50165e-02   2.96862e-06
   2  p1           2.02792e+04   3.41283e+00   9.66987e-03   5.84216e-06
   3  p2           5.07988e+02   3.98309e+00   5.57748e-03   1.68491e-05
   4  p3           3.56021e+02   7.09041e+01   7.14520e-03   6.44480e-06
   5  p4          -1.47391e-02   3.27435e-03   3.42228e-07   1.27822e-01
 

   1  p0           5.15702e+04   1.13106e+02   4.23125e-01  -3.26301e-07
   2  p1           1.02625e+03   2.57235e-01   1.02125e-03  -3.06140e-04
   3  p2           1.14451e+02   2.72185e-01   6.66918e-04  -6.79359e-04
   4  p3           8.34590e+03   1.39209e+02   1.04353e-01  -2.15925e-06
   5  p4          -5.04085e+00   1.06757e-01   8.83325e-05  -1.52023e-03

--------------------------

CALIBRATED 
   1  p0           6.79840e+03   2.78388e+01   6.49254e-02  -1.68183e-05
   2  p1           5.12961e+02   8.60114e-02   2.44599e-04  -1.63031e-03
   3  p2           1.85785e+01   1.08486e-01   1.32801e-04   5.03409e-03
   4  p3           2.00857e+03   1.41544e+02   2.32255e-02  -3.53360e-06
   5  p4          -3.03846e+00   2.90029e-01   4.57113e-05  -2.76799e-03


   1  p0           1.60005e+03   1.65642e+01   2.38242e-02   1.73588e-05
   2  p1           1.27321e+03   3.12064e-01   6.07112e-04   2.29865e-03
   3  p2           3.20386e+01   4.79746e-01   3.85563e-04  -1.82498e-03
   4  p3           4.49983e+02   1.62370e+02   1.10177e-02  -1.32538e-05
   5  p4          -3.09843e-01   1.33187e-01   8.71057e-06  -2.09161e-02
 

   1  p0           5.14779e+04   1.16784e+02  -1.24659e-01   2.59479e-07
   2  p1           5.81940e+01   1.76842e-02   2.22983e-06  -2.80832e-03
   3  p2          -7.18892e+00   1.96285e-02   1.49403e-05   1.00523e-04
   4  p3           8.33735e+03   1.97093e+02   1.79173e-01   2.68019e-07
   5  p4          -8.60723e+01   2.46184e+00  -1.80313e-03  -4.01745e-06

Resolution peak @ 511keV = 8.52873%
Resolution peak @ 1275keV = 5.9256%
Error  = 0.0167676%


SCATTERER

Chi2                      =      10.8765
NDf                       =            1
Edm                       =   6.4106e-19
NCalls                    =           41
a                         =     -7.25507   +/-   3.03462     
b                         =    0.0547132   +/-   0.000207757 

UNCALIBRATED
   1  p0           5.40914e+03   2.30953e+01   6.13159e-02  -5.21146e-06
   2  p1           9.52093e+03   1.47219e+00   4.53993e-03   2.12605e-04
   3  p2           3.07337e+02   1.82054e+00   2.51371e-03  -1.09970e-04
   4  p3           1.76177e+03   1.21694e+02   2.06546e-02  -1.35201e-05
   5  p4          -1.57438e-01   1.27575e-02   2.15952e-06  -1.17752e-01

   1  p0           1.13835e+03   7.73927e+00  -5.58314e-03  -6.70613e-07
   2  p1           2.34092e+04   3.34501e+00  -5.68247e-04  -3.19310e-06
   3  p2           5.07120e+02   3.44444e+00   2.63472e-03  -4.42956e-07
   4  p3           7.68998e+01   2.92789e+01  -2.28591e-02   8.47454e-06
   5  p4          -1.89317e-03   1.24275e-03   9.10726e-07   2.08057e-01
 
   1  p0           1.76582e+04   6.93963e+01  -4.19353e-01   3.99436e-06
   2  p1           1.19039e+03   4.57489e-01   4.38340e-04   9.14279e-04
   3  p2           1.12842e+02   4.94961e-01  -2.16827e-03  -1.61050e-03
   4  p3           4.40940e+03   9.88307e+01   5.04755e-01  -3.50608e-05
   5  p4          -2.27484e+00   6.94367e-02  -3.40470e-04  -4.82844e-02

----------------
CALIBRATED 

   1  p0           5.46186e+03   2.78735e+01   6.36564e-02  -6.41701e-06
   2  p1           5.13488e+02   9.55550e-02   2.44850e-04  -1.70315e-04
   3  p2           1.71095e+01   1.20508e-01   1.49966e-04  -4.80334e-03
   4  p3           1.97498e+03   1.91337e+02   2.15734e-02  -2.24499e-05
   5  p4          -3.47978e+00   4.14281e-01   4.36346e-05  -1.17917e-02
 
   1  p0           1.13788e+03   8.51877e+00   2.48752e-02   1.33688e-04
   2  p1           1.27270e+03   2.36003e-01   6.53735e-04   2.62824e-03
   3  p2           2.77155e+01   3.05488e-01   4.34754e-04   1.13226e-02
   4  p3          -1.73569e+01   7.47581e+01   8.73557e-03   4.92738e-04
   5  p4           3.97232e-02   6.02608e-02   6.91237e-06   6.38994e-01
 
   1  p0           2.00108e+04   2.97932e+02   3.47152e-01  -4.96037e-07
   2  p1           5.84811e+01   7.12836e-02   1.45611e-04   3.07447e-03
   3  p2           7.09856e+00   9.54991e-02   1.11904e-04  -5.57765e-04
   4  p3           8.47157e+03   5.02131e+02   1.54373e-01  -2.66206e-06
   5  p4          -1.63157e+02   1.38084e+01   3.04704e-03  -6.20333e-05



   DETECTOR 
   
   Chi2                      =  1.07348e-21
   NDf                       =            0
   Edm                       =  2.14775e-21
   NCalls                    =           38
   a                         =     -10.8547   +/-   1.81692     
   b                         =    0.0607387   +/-   0.000112499 
   
   UNCALIBRATED
   1  p0           7.38061e+03   3.44074e+01   7.51044e-02  -1.24088e-05
   2  p1           8.59180e+03   1.37023e+00   4.09689e-03  -8.32301e-05
   3  p2           2.81959e+02   1.75652e+00   2.14499e-03  -2.31542e-04
   4  p3           1.90285e+03   2.29502e+02   1.92611e-02  -3.50257e-06
   5  p4          -1.92783e-01   3.01620e-02   2.40959e-06  -5.12788e-02
 
 
   1  p0           1.46575e+03   1.39657e+01   2.92144e-02  -3.47953e-06
   2  p1           2.11627e+04   3.73173e+00   1.07983e-02  -2.91430e-05
   3  p2           4.58358e+02   4.93777e+00   7.48000e-03  -6.91422e-06
   4  p3           5.88290e+02   1.38578e+02   5.30381e-03   4.92789e-05
   5  p4          -2.77196e-02   7.14035e-03   2.69560e-07   9.78956e-01

------------------
CALIBRATED

   1  p0           7.31634e+03   2.71106e+01   7.66598e-02   7.29400e-07
   2  p1           5.10634e+02   6.50794e-02   2.43489e-04  -1.62789e-04
   3  p2           1.67893e+01   7.18618e-02   1.23776e-04   1.26703e-03
   4  p3           1.43539e+03   9.77531e+01   2.13967e-02   5.72349e-06
   5  p4          -2.13042e+00   1.88775e-01   4.15527e-05   2.89107e-03


   1  p0           1.42886e+03   1.02253e+01   2.39797e-02  -4.32610e-06
   2  p1           1.27329e+03   2.26776e-01   6.07152e-04  -3.28206e-05
   3  p2           2.77645e+01   2.91713e-01   3.31015e-04  -2.96398e-04
   4  p3          -1.40275e+02   9.32913e+01   8.38107e-03  -1.40414e-05
   5  p4           1.34724e-01   7.60843e-02   6.65452e-06  -1.76599e-02
Resolution peak @ 511keV = 7.74249%
Resolution peak @ 1275keV = 5.13475%
