Mean 			    StdDev 	            Resolution[%]	Integral 
77.8596	0.738583	3.99342	1.34767	    12.0779	        32965.3	181.564
191.673	0.292401	5.9067	0.474443	7.25675	        125678	354.51
246.293	0.233595	9.18063	0.433079	8.77766	        171939	414.656
303.651	0.255117	10.9841	0.454244	8.51818	        176612	420.252
361.394	0.135214	12.8822	0.251716	8.39396	        213485	462.045
620.49	0.136444	17.8903	0.193722	6.78953	        161674	402.087
784.2	0.875101	20.4344	1.17374	    6.13611	        66403.9	257.689
1128	0.342896	23.6583	0.405825	4.93894	        60032.7	245.016
1392.5	0.713255	25.8185	0.734294	4.3661	        44188.8	210.211
1753.06	0.380836	31.5374	0.415954	4.2363	        43470.9	208.497

 